|            Name|      ra|     dec|           dis|  S070|   S160|   S250|  S350|  S500|   S870|
|            char|  double|  double|        double|double| double| double|double|double| double|
|                |        |        |              |      |       |       |      |      |       |
|            null|    null|    null|          null|  null|   null|   null|  null|  null|   null|
 G045.4212+0.0838 288.5513  11.1357  7.62229929121  30.57   59.05   36.98  16.76   6.01    0.54 
 G045.5356+0.1411 288.5537  11.2636   7.1841803614   4.31    27.7   28.62  11.16   4.56    0.53 
 G048.8905-0.2649 290.5297  14.0391  5.58875042593  34.89    69.2    64.1  21.11   8.01    0.83 
 G049.0548-0.3340 290.6724  14.1515  5.57035373356  29.69   41.48   28.78  14.11   5.46    0.54 
 G049.2527-0.4106 290.8385  14.2898  5.54814107333  18.09   50.71   31.73  15.66    5.2    1.01 
 G049.3228-0.3461 290.8139   14.382  5.54026831885  29.19   65.59   41.03  19.35   7.34    0.51 
 G049.3538-0.3538 290.8361  14.4057   5.5367744155  94.67  256.22  148.33  78.17  23.67    0.87 
 G049.4011-0.2263  290.743  14.5076  6.44405159218  45.65  125.53   92.95  50.11  15.75    0.78 
 G049.4134-0.3537 290.8651  14.4583  5.53005940699  92.58  179.94   88.67  40.67  15.07    0.96 
 G049.4739-0.2957 290.8417   14.539  5.52324891827  23.99  104.51   71.99  23.22   9.35    0.56 
 G049.4909-0.2857 290.8409  14.5587  5.52133195352  11.27    49.9   26.34  10.75    1.5    0.62 
 G049.5300-0.3478 290.9165  14.5639  5.51691353004 169.07  363.78  164.61   67.5  31.28    1.32 
 G305.0943+0.2510 197.5531  -62.542   5.0388000432  23.23   49.52   33.63  13.65   5.98    0.67 
 G305.0955+0.0877 197.5817 -62.7048  3.29796298309  33.62   89.35   56.37  17.19   6.15    0.85 
 G305.1543+0.0477 197.7161 -62.7403   3.6618779205   77.7   92.26    53.9  17.62   6.71    0.66 
 G305.1721+0.0079 197.7616 -62.7786   3.0110069471  95.78  115.88   39.65  12.32   1.53     0.6 
 G305.2350-0.0231  197.904 -62.8046   2.5253147786 109.38  243.78  163.14   87.7  25.04    1.56 
 G305.2581+0.3275 197.8944 -62.4533  5.58725440751  34.55   82.95   56.94  26.25   7.27    0.77 
 G305.2719-0.0309 197.9857 -62.8096  2.95965218787   40.4   79.45   55.43  27.44  11.76    0.57 
 G305.3187+0.3130 198.0276  -62.463  5.23353561608  51.33   98.38   53.78  15.14   5.14    0.51 
 G305.3834+0.2565  198.177 -62.5141  3.55831092296  43.19  113.01   65.33  31.77  12.01    0.74 
 G305.4126+0.2061 198.2493 -62.5619  3.93603033104  27.08   41.12   19.39   8.24   1.28    0.57 
 G305.5476-0.0559 198.5917 -62.8113  4.94172732488  50.31   74.53   39.74  17.47   5.85    0.81 
 G305.5890+0.4609 198.5814 -62.2928  6.37540341261   6.52    26.0   22.88  11.84   5.66    0.64 
 G307.6099-0.2937 203.1342 -62.7916  7.16050528384  53.57   73.25   30.95  16.05   0.99    0.73 
 