|            Name|      ra|     dec|          dis|  S070|  S160|  S250|  S350|  S500|  S870|        Tdust|       errTdust|     Mass_env|  errMass_env|
|            char|  double|  double|       double|double|double|double|double|double|double|       double|         double|       double|       double|
|                |        |        |             |      |      |      |      |      |      |             |               |             |             |
|            null|    null|    null|         null|  null|  null|  null|  null|  null|  null|         null|           null|         null|         null|
 G045.4212+0.0838 288.5513  11.1357 7.62229929121  30.57  59.05  36.98  16.76   6.01   0.54  18.969183313  0.176101274801 394.295645186 15.7315130275 
 G045.5356+0.1411 288.5537  11.2636  7.1841803614   4.31   27.7  28.62  11.16   4.56   0.53 15.5010866742  0.870449328858 493.248062023 132.387525701 
 G048.8905-0.2649 290.5297  14.0391 5.58875042593  34.89   69.2   64.1  21.11   8.01   0.83 16.5197554064    1.1577372607 518.944748487 169.120465603 
 G049.0548-0.3340 290.6724  14.1515 5.57035373356  29.69  41.48  28.78  14.11   5.46   0.54 17.7338066062 0.0924967380889 206.115926859 4.81399772342 
 G049.2527-0.4106 290.8385  14.2898 5.54814107333  18.09  50.71  31.73  15.66    5.2   1.01 18.7355215962  0.117512567406 189.991310931 5.16204060436 
 G049.3228-0.3461 290.8139   14.382 5.54026831885  29.19  65.59  41.03  19.35   7.34   0.51 18.8318494665  0.112470557162 239.226728752 6.16897269455 
 G049.3538-0.3538 290.8361  14.4057  5.5367744155  94.67 256.22 148.33  78.17  23.67   0.87 19.3787234144  0.397957910459 812.211176985 70.6912396626 
 G049.4011-0.2263  290.743  14.5076 6.44405159218  45.65 125.53  92.95  50.11  15.75   0.78 17.0142442818  0.242663973191 1035.36695015 67.6427918557 
 G049.4134-0.3537 290.8651  14.4583 5.53005940699  92.58 179.94  88.67  40.67  15.07   0.96 21.8190340291  0.293879300172 336.799706233 17.6881944286 
 G049.4739-0.2957 290.8417   14.539 5.52324891827  23.99 104.51  71.99  23.22   9.35   0.56 18.8931203125   1.06033403781 377.497760781 91.2882577621 
 G049.4909-0.2857 290.8409  14.5587 5.52133195352  11.27   49.9  26.34  10.75    1.5   0.62 21.5780094426   0.83905252121 98.0391771368 14.9870222042 
 G049.5300-0.3478 290.9165  14.5639 5.51691353004 169.07 363.78 164.61   67.5  31.28   1.32 23.4817960837  0.548228717262 503.631301029 43.3897717361 
 G305.0943+0.2510 197.5531  -62.542  5.0388000432  23.23  49.52  33.63  13.65   5.98   0.67 18.4073144311  0.482136968045 167.840446051 19.2542943958 
 G305.0955+0.0877 197.5817 -62.7048 3.29796298309  33.62  89.35  56.37  17.19   6.15   0.85 19.9604000122     1.197833448 88.8117255083 22.1399642238 
 G305.1543+0.0477 197.7161 -62.7403  3.6618779205   77.7  92.26   53.9  17.62   6.71   0.66  20.651232438  0.972392990803 96.7187011795 18.4773226516 
 G305.1721+0.0079 197.7616 -62.7786  3.0110069471  95.78 115.88  39.65  12.32   1.53    0.6 32.1750074924   1.74085192679 16.3304518949 2.55598697395 
 G305.2350-0.0231  197.904 -62.8046  2.5253147786 109.38 243.78 163.14   87.7  25.04   1.56 17.9044826184  0.323414097366 236.694044534 19.0390846739 
 G305.2581+0.3275 197.8944 -62.4533 5.58725440751  34.55  82.95  56.94  26.25   7.27   0.77 18.1434390753  0.394474759335 371.134291524 35.6521680424 
 G305.2719-0.0309 197.9857 -62.8096 2.95965218787   40.4  79.45  55.43  27.44  11.76   0.57 17.6097673664  0.177787117861 115.394298968 5.23765104599 
 G305.3187+0.3130 198.0276  -62.463 5.23353561608  51.33  98.38  53.78  15.14   5.14   0.51 21.9414721404   1.42215274808 162.537797147 40.9085876258 
 G305.3834+0.2565  198.177 -62.5141 3.55831092296  43.19 113.01  65.33  31.77  12.01   0.74 19.5673956373  0.202709830115 141.571039014 6.17586316606 
 G305.4126+0.2061 198.2493 -62.5619 3.93603033104  27.08  41.12  19.39   8.24   1.28   0.57 23.0900245126   0.74604715014 31.0266917512 3.74690539576 
 G305.5476-0.0559 198.5917 -62.8113 4.94172732488  50.31  74.53  39.74  17.47   5.85   0.81 20.9404794457   0.07289701304  133.01349504 1.86022597613 
 G305.5890+0.4609 198.5814 -62.2928 6.37540341261   6.52   26.0  22.88  11.84   5.66   0.64 15.7020595459  0.208592910596 327.867384412 20.7123463676 
 G307.6099-0.2937 203.1342 -62.7916 7.16050528384  53.57  73.25  30.95  16.05   0.99   0.73 24.3223637409   1.59237338529 149.096029503 35.0624308575 
